                            2008
         一月                    二月                    三月           
日 一 二 三 四 五 六  日 一 二 三 四 五 六  日 一 二 三 四 五 六  
       1  2  3  4  5                  1  2                     1  
 6  7  8  9 10 11 12   3  4  5  6  7  8  9   2  3  4  5  6  7  8  
13 14 15 16 17 18 19  10 11 12 13 14 15 16   9 10 11 12 13 14 15  
20 21 22 23 24 25 26  17 18 19 20 21 22 23  16 17 18 19 20 21 22  
27 28 29 30 31        24 25 26 27 28 29     23 24 25 26 27 28 29  
                                            30 31                 

         四月                    五月                    六月           
日 一 二 三 四 五 六  日 一 二 三 四 五 六  日 一 二 三 四 五 六  
       1  2  3  4  5               1  2  3   1  2  3  4  5  6  7  
 6  7  8  9 10 11 12   4  5  6  7  8  9 10   8  9 10 11 12 13 14  
13 14 15 16 17 18 19  11 12 13 14 15 16 17  15 16 17 18 19 20 21  
20 21 22 23 24 25 26  18 19 20 21 22 23 24  22 23 24 25 26 27 28  
27 28 29 30           25 26 27 28 29 30 31  29 30                 
                                                                  

         七月                    八月                    九月           
日 一 二 三 四 五 六  日 一 二 三 四 五 六  日 一 二 三 四 五 六  
       1  2  3  4  5                  1  2      1  2  3  4  5  6  
 6  7  8  9 10 11 12   3  4  5  6  7  8  9   7  8  9 10 11 12 13  
13 14 15 16 17 18 19  10 11 12 13 14 15 16  14 15 16 17 18 19 20  
20 21 22 23 24 25 26  17 18 19 20 21 22 23  21 22 23 24 25 26 27  
27 28 29 30 31        24 25 26 27 28 29 30  28 29 30              
                      31                                          

         十月                   十一月                   十二月           
日 一 二 三 四 五 六  日 一 二 三 四 五 六  日 一 二 三 四 五 六  
          1  2  3  4                     1      1  2  3  4  5  6  
 5  6  7  8  9 10 11   2  3  4  5  6  7  8   7  8  9 10 11 12 13  
12 13 14 15 16 17 18   9 10 11 12 13 14 15  14 15 16 17 18 19 20  
19 20 21 22 23 24 25  16 17 18 19 20 21 22  21 22 23 24 25 26 27  
26 27 28 29 30 31     23 24 25 26 27 28 29  28 29 30 31           
                      30                                          
                            2012
         一月                    二月                    三月           
日 一 二 三 四 五 六  日 一 二 三 四 五 六  日 一 二 三 四 五 六  
 1  2  3  4  5  6  7            1  2  3  4               1  2  3  
 8  9 10 11 12 13 14   5  6  7  8  9 10 11   4  5  6  7  8  9 10  
15 16 17 18 19 20 21  12 13 14 15 16 17 18  11 12 13 14 15 16 17  
22 23 24 25 26 27 28  19 20 21 22 23 24 25  18 19 20 21 22 23 24  
29 30 31              26 27 28 29           25 26 27 28 29 30 31  
                                                                  

         四月                    五月                    六月           
日 一 二 三 四 五 六  日 一 二 三 四 五 六  日 一 二 三 四 五 六  
 1  2  3  4  5  6  7         1  2  3  4  5                  1  2  
 8  9 10 11 12 13 14   6  7  8  9 10 11 12   3  4  5  6  7  8  9  
15 16 17 18 19 20 21  13 14 15 16 17 18 19  10 11 12 13 14 15 16  
22 23 24 25 26 27 28  20 21 22 23 24 25 26  17 18 19 20 21 22 23  
29 30                 27 28 29 30 31        24 25 26 27 28 29 30  
                                                                  

         七月                    八月                    九月           
日 一 二 三 四 五 六  日 一 二 三 四 五 六  日 一 二 三 四 五 六  
 1  2  3  4  5  6  7            1  2  3  4                     1  
 8  9 10 11 12 13 14   5  6  7  8  9 10 11   2  3  4  5  6  7  8  
15 16 17 18 19 20 21  12 13 14 15 16 17 18   9 10 11 12 13 14 15  
22 23 24 25 26 27 28  19 20 21 22 23 24 25  16 17 18 19 20 21 22  
29 30 31              26 27 28 29 30 31     23 24 25 26 27 28 29  
                                            30                    

         十月                   十一月                   十二月           
日 一 二 三 四 五 六  日 一 二 三 四 五 六  日 一 二 三 四 五 六  
    1  2  3  4  5  6               1  2  3                     1  
 7  8  9 10 11 12 13   4  5  6  7  8  9 10   2  3  4  5  6  7  8  
14 15 16 17 18 19 20  11 12 13 14 15 16 17   9 10 11 12 13 14 15  
21 22 23 24 25 26 27  18 19 20 21 22 23 24  16 17 18 19 20 21 22  
28 29 30 31           25 26 27 28 29 30     23 24 25 26 27 28 29  
                                            30 31                 
